Given Matrix (M size: 4):
|  23.66  20.39  -2.67 -40.59 |
|  -0.91  75.74  69.32 -20.42 |
| -50.74 -70.86 -10.28  11.26 |
|  19.33 -36.33  67.46 -21.36 | = det(M) = 1.77389e+07(0ms)

Given Matrix (M size: 5):
| -72.15 -30.61  63.57  -8.32  -2.39 |
| -73.04  57.88   50.7  24.73 -76.64 |
|   34.9   3.91  -64.6  -3.32 -31.43 |
|  56.93  60.37 -14.83  51.73  -1.15 |
| -20.75   5.72 -47.62 -64.18   4.36 | = det(M) = 2.93308e+08(0ms)

Given Matrix (M size: 6):
| -47.73  13.05 -71.89     43  65.47   5.81 |
| -62.62    -39 -64.33   26.3  36.96  18.86 |
|  54.84   1.37  41.23  40.64  28.56 -53.64 |
|   3.46 -34.24 -51.51 -64.36 -44.88 -22.45 |
|  54.88 -55.14  67.44  72.06  58.13 -10.21 |
|  12.18 -19.58 -35.62 -52.58 -11.99  70.24 | = det(M) = 9.22408e+09(0ms)

Given Matrix (M size: 7):
|  -9.24 -44.02  23.74 -14.08 -28.84   44.6  21.61 |
|  69.37  70.45   7.81 -39.85  27.23  53.04 -70.02 |
| -24.42  47.53   1.48 -42.35 -60.95  69.55 -16.12 |
| -14.46  26.48    -62 -72.19  -5.85  42.62  39.46 |
| -16.06 -43.38 -58.74 -34.74  66.72 -57.72  39.07 |
|  31.15  55.72  29.46 -26.79   11.6 -17.02  63.53 |
| -55.77 -37.09  74.96 -22.32 -18.13 -42.17  49.49 | = det(M) = 1.19724e+12(1ms)

Given Matrix (M size: 8):
|  20.61  75.94  -4.49 -48.46 -20.25 -47.86  -5.13 -58.53 |
|  19.95  75.14  45.56  27.86 -53.03 -74.44  76.05 -12.19 |
|  -5.65  46.89 -60.24 -69.33  49.04 -28.64 -18.79 -63.86 |
| -23.47 -16.21 -38.65  68.59  44.57 -12.33  32.74 -53.37 |
|  38.73   8.15   3.92  32.74 -62.61   3.05 -75.76   0.79 |
|   2.77  54.68  -6.49  39.39  17.83 -70.52   8.28  36.74 |
| -43.59 -72.17   3.43  29.12  -68.6 -15.03 -73.92   20.5 |
| -20.16 -32.52 -59.35   31.3 -39.89  -9.66  57.65  37.91 | = det(M) = 2.70946e+14(11ms)

Given Matrix (M size: 9):
|  44.79 -54.41 -54.41  66.92 -10.02  -0.97 -39.42 -55.19 -43.85 |
| -67.18 -74.04 -41.05  37.48  71.82  32.29  -4.03 -10.51 -53.37 |
|  44.95  -9.09    -64 -67.12  75.78  33.97  -6.06  39.81 -15.15 |
| -12.84 -34.64 -46.86   65.7 -20.36 -33.56 -70.75 -39.33  55.99 |
|  50.84 -43.11  59.34  13.08  47.13 -67.73   21.3 -24.66   2.89 |
| -26.05  27.38 -23.01 -48.37 -52.07 -42.27 -54.68 -34.87   63.2 |
|  39.25  48.42   28.1  37.61  27.45  33.46 -22.25 -45.76  63.67 |
|  22.56 -37.44 -49.34 -24.07  14.97  56.64  12.56  16.98  21.51 |
|  -2.48 -27.27 -21.38  -5.92  35.55 -58.75  -18.8  49.79 -25.23 | = det(M) = -5.86675e+16(59ms)

Given Matrix (M size: 10):
|  16.87 -55.35  -32.4  52.49   -8.4  45.55  29.69  32.91  51.64  19.91 |
| -36.43   29.7 -59.78  51.45  10.05  -8.35  -8.54   -4.4 -23.16  61.98 |
| -30.31  25.52 -48.01 -37.36  58.32  55.74  57.56  14.03  49.64 -52.79 |
|  76.78  49.75  65.41  68.34  32.53  62.21  28.48 -62.73  68.34  52.93 |
| -39.45 -61.08  43.58  60.05  45.98 -47.28  38.28 -12.83   5.32 -74.63 |
|  64.82  -9.29 -33.63 -12.64  76.06  16.98    0.2 -20.87  57.98 -40.17 |
|   8.88   69.9  15.53  71.02   30.4  17.36 -53.09 -37.51  -2.12  39.72 |
|  54.76  74.93 -55.36  29.38   24.5  29.64     15  33.97 -16.87  55.07 |
|  45.67  49.33 -25.92  45.22  32.26 -25.95     26 -59.05 -75.14 -67.82 |
| -68.49   8.46  28.27 -33.29  38.15 -36.93  -7.46 -72.87  70.98 -61.61 | = det(M) = 8.02748e+19(369ms)

Given Matrix (M size: 11):
| -24.91 -45.04  59.13 -60.72 -65.59  69.81 -21.58   4.87 -30.66  69.28   6.82 |
|  19.36  76.54 -13.37 -53.28  16.95  33.23 -49.42  32.86  40.17 -54.42  55.21 |
| -69.67  -6.72 -17.79  52.05  11.54  45.44  51.52 -37.25  56.04 -56.75 -71.72 |
|  -9.93  28.14   51.5 -64.61  -26.1  60.15  -8.49 -44.17 -46.91  18.76  19.15 |
| -20.57  73.64  35.53  -16.7 -52.99  -4.97  21.78  21.95    -28 -72.75  -3.07 |
|    9.8  37.37   37.9  25.04  -2.86  58.41  54.27  24.68  -7.67  18.98   69.1 |
|  49.66 -59.81  14.83  -1.39  -3.69 -19.99 -20.91 -64.25   53.1  27.36 -55.11 |
| -31.76  19.81  -42.2  49.28  43.09   4.16  57.22  65.24 -59.29 -22.52 -37.35 |
|   5.11  -68.1  54.89 -18.02  34.51   1.65  75.05   4.09   7.59  58.44  54.69 |
|  -77.1 -11.66  20.45 -51.33  58.88  -9.81   -5.1 -32.04 -59.68 -50.46   9.36 |
|  -1.65 -39.38  51.83  30.46  45.86  69.54  35.64 -76.77 -50.43   40.5  41.91 | = det(M) = 1.84658e+21(4119ms)

Given Matrix (M size: 12):
|  29.27 -16.56   1.35  -28.6  63.83  66.29   -7.2  60.79  51.98 -71.85 -21.11 -16.42 |
| -71.07 -41.09 -68.61  13.05  18.07 -28.72 -34.33  49.28  15.21  66.89 -54.08   72.6 |
|  20.83  45.42 -61.32 -39.82  64.14  12.89  64.43 -59.59  33.67  10.06   4.38   7.08 |
|  75.83 -15.12 -29.08 -31.01  23.66 -43.67  18.81  23.17   72.5 -62.26  74.45 -26.92 |
| -12.34  -1.12 -68.78  -42.3  66.29  32.69 -45.96  10.39   1.35  42.88  25.18  -8.73 |
|  36.82 -25.66  -66.3  48.33 -24.81 -35.16  73.43 -33.69 -43.58  -3.51  11.02 -69.03 |
|  71.52  58.41 -49.35 -45.59 -15.99  14.76  69.61 -52.97 -49.56     -9  29.24 -16.27 |
|   2.52  31.99 -58.18   1.94  71.73 -34.92  27.33 -36.75  36.68   34.1  28.93  10.13 |
|  -44.3 -31.51  -1.82 -49.39 -33.31  28.01   20.6  -4.75 -66.33  37.73 -41.12 -35.15 |
|  15.55  60.71  33.56    9.7   5.85  -4.15  64.14   7.71 -16.42  68.27   8.93  -24.8 |
| -40.53  18.47  56.84  68.87  69.49  47.86 -38.49 -10.07   39.9  67.98  20.02  11.71 |
|  17.72 -72.47  71.76   3.15  60.19 -74.65 -45.64  18.91 -13.78 -68.64  77.07  23.67 | = det(M) = 7.95363e+22(49418ms)

